
(array([[-0.11998798,  0.98997037, -0.0745758 ],
       [-0.02296834, -0.07786654, -0.99669918],
       [-0.99250962, -0.11787904,  0.03208102]]), array([[ 0.24143316, -0.01790137, -0.62608651,  0.62481974, -0.54827608,
         0.02843515, -0.04364708,  0.21183184, -0.57197722],
       [-0.56319408, -0.05421476,  0.18646148,  0.61711196,  0.24269449,
        -0.03318134,  0.05380551, -0.61562077, -0.59743422],
       [ 0.62148389,  0.12002853,  0.59341082,  0.12023846,  0.63194963,
        -0.05214152, -0.07791589,  0.59057959, -0.24049482]])) 

[[-0.17352549]
 [-0.08365949]
 [ 0.65533158]]
 
 [-0.00227494 -0.00282628 -0.0028173  ... -0.00757274 -0.00764292
 -0.00859219]
 
 [0.00227494 0.00224255 0.00282628 ... 0.00757274 0.00764292 0.00859219]
